714
688
756
906
716
957
297
10
32
476
660
903
888
84
274
964
513
741
744
533
661
41
520
550
165
594
334
548
557
693
631
275
623
939
875
136
858
544
582
448
226
720
236
155
877
731
596
908
69
221
390
654
805
479
183
722
844
258
805
88
391
615
119
477
653
236
327
39
700
729
79
769
441
187
843
684
358
496
587
678
233
181
859
845
762
172
107
482
429
994
146
886
606
954
684
259
723
940
929
999
426
652
59
999
850
322
714
956
593
158
154
966
63
957
756
149
936
458
30
506
650
810
252
693
360
455
533
838
376
156
115
594
355
820
784
191
137
905
134
752
722
73
867
392
50
516
530
662
388
555
498
289
289
611
831
624
576
181
876
338
435
700
516
320
369
409
532
137
984
307
700
515
873
173
311
307
12
638
511
142
931
87
677
261
669
692
635
167
482
642
453
621
420
888
948
61
666
81
51
116
371
198
878
223
497
318
234
721
209
181
213
858
37
589
315
40
989
327
582
919
448
277
195
319
394
28
204
21
223
911
939
559
748
32
417
106
740
728
759
870
710
577
724
858
951
665
662
540
476
988
726
418
102
595
128
467
555
129
623
399
194
577
247
853
733
423
640
336
87
747
632
161
91
386
165
964
552
940
183
426
369
241
52
266
294
97
27
256
814
671
935
945
606
216
787
685
187
368
138
86
817
784
817
512
155
801
369
505
337
97
138
166
333
207
456
365
45
946
640
28
675
104
860
93
933
434
55
207
29
555
670
844
655
617
746
60
162
68
442
697
325
35
712
669
871
516
181
583
820
562
76
927
480
460
215
971
219
943
701
482
418
260
152
957
634
442
681
456
58
898
89
745
332
198
783
754
0
953
56
625
432
449
658
392
297
817
252
939
510
142
855
163
411
158
215
506
226
135
42
749
243
413
612
493
371
389
841
783
962
185
44
366
648
703
862
202
44
615
211
837
775
100
294
250
815
802
180
470
807
604
70
974
77
538
130
340
410
318
433
856
330
113
89
919
481
491
979
254
869
479
221
99
65
689
969
821
317
141
217
712
588
741
425
782
193
899
945
714
192
778
440
457
14
327
324
170
86
731
172
276
232
327
839
556
938
288
37
867
846
90
963
821
646
673
293
503
84
257
123
529
698
907
993
62
930
191
244
528
449
944
985
740
416
900
679
511
737
9
869
435
21
893
108
82
427
6
459
815
748
25
469
602
373
391
987
629
350
155
667
299
805
617
313
46
19
271
382
31
891
351
886
663
249
926
569
869
569
907
908
570
696
849
296
416
431
811
643
195
414
851
910
865
289
884
542
243
303
548
214
255
669
749
315
779
572
496
365
529
257
468
990
94
901
784
990
89
25
544
616
518
149
860
718
752
160
4
645
468
226
877
611
985
780
610
654
442
695
366
679
506
531
644
662
642
266
815
195
844
443
14
713
118
363
61
609
837
551
761
774
48
256
390
82
431
43
665
823
939
155
902
236
439
12
402
529
727
923
621
827
386
933
741
184
617
878
80
965
743
258
391
250
226
386
236
565
642
490
365
402
888
871
451
25
50
924
585
364
952
283
378
510
283
481
929
344
754
426
533
453
564
308
784
721
320
952
541
733
394
102
197
121
165
879
434
809
683
467
511
279
228
36
50
464
766
896
831
398
74
100
991
954
624
100
304
560
241
919
63
138
643
627
654
539
505
449
689
697
81
642
390
223
332
831
805
322
122
796
290
640
446
194
278
19
197
352
656
163
713
796
790
195
791
349
862
394
880
131
885
99
962
734
530
94
789
368
531
493
691
905
290
576
390
816
28
361
35
285
482
946
859
233
554
372
818
447
974
182
328
413
689
740
283
902
795
31
520
803
164
919
72
755
155
89
312
125
22
399
566
748
919
618
687
508
740
341
293
944
457
90
249
116
837
784
100
416
34
816
448
572
736
222
342
792
157
489
573
134
786
30
709
188
945
217
968
734
347
866
929
282
56
553
702
233
360
147
718
828
64
284
799
766
535
506
966
400
336
205
319
747
324
455
767
997
700
95
675
377
67
127
958
705
176
371
705
731
662
200
103
294
615
687
103
852
669
59
125
325
130
610
804
991
389
693
458
771
602
234
999
649
607
114
357
270
611
424
975
608
807
490
687
544
107
157
20
455
81
765
548
899
20
247
183
372
396
974
417
42
560
617
775
70
510
749
906
886
30
854
465
876
654
11
652
575
581
520
974
469
340
478
364
993
430
709
323
137
424
150
614
532
868
941
644
734
265
304
339
346
42
926
473
466
578
719
389
5
720
242
561
228
941
280
340
623
191
682
764
954
587
607
262
780
632
717
420