5
331
639
685
474
672
830
633
686
949
654
146
788
94
56
574
522
278
545
636
807
67
524
363
772
573
206
188
14
147
190
562
894
950
566
944
766
138
607
84
275
644
758
216
283
262
625
627
222
861
211
166
955
233
896
558
254
842
345
404
459
159
622
442
603
133
317
695
665
995
809
525
343
756
124
637
104
677
766
213
593
187
381
417
665
49
920
57
465
543
630
32
323
591
378
431
96
780
429
692
722
469
568
216
558
182
461
835
321
29
411
278
97
150
271
839
632
932
33
446
552
574
664
842
652
472
760
149
679
381
244
771
671
216
979
536
227
987
573
876
201
358
726
630
451
341
238
192
76
660
741
473
796
910
226
953
75
854
477
114
570
225
257
796
582
263
986
829
948
816
440
380
161
794
14
618
91
567
894
67
977
206
411
764
796
266
668
567
25
792
327
180
159
180
714
54
236
575
501
457
189
757
665
292
381
790
662
366
774
247
814
683
56
833
138
420
741
80
983
115
849
351
209
414
352
558
931
467
100
439
783
708
941
631
552
681
291
344
509
613
960
45
761
49
142
831
988
909
973
590
349
448
224
631
425
952
97
603
243
824
856
517
273
238
659
976
42
47
828
575
796
352
456
73
315
416
907
505
573
9
364
659
265
722
30
161
569
744
691
742
342
814
169
920
722
346
545
118
904
922
276
353
599
725
63
203
888
535
320
694
757
355
872
333
776
89
816
470
152
50
530
618
399
97
589
762
85
943
391
148
728
957
237
667
842
244
559
289
669
807
197
424
757
423
539
630
444
857
637
249
251
573
329
925
255
206
999
565
567
932
41
400
717
777
756
253
680
879
193
420
229
961
184
921
479
734
444
838
486
255
847
475
515
161
562
784
375
691
901
14
706
110
230
581
595
487
430
789
864
238
390
597
130
119
691
477
109
456
215
0
876
678
305
59
823
964
807
481
203
947
434
890
916
322
447
785
906
283
379
448
97
550
121
903
547
56
926
248
504
546
354
94
50
549
408
277
647
62
573
780
388
404
727
628
50
505
588
11
237
43
666
778
871
376
72
277
327
510
36
844
908
840
192
248
216
720
995
568
461
190
114
573
896
643
132
239
710
574
641
624
730
19
447
244
709
197
811
506
856
887
553
667
47
933
143
454
758
619
623
344
955
929
415
515
282
731
7
674
489
116
563
546
915
165
340
946
479
366
196
870
420
242
816
355
186
472
887
858
504
553
478
852
446
694
512
387
929
899
783
428
929
117
162
427
378
983
389
295
597
362
513
480
740
882
361
512
662
919
604
540
761
256
577
219
853
466
87
30
211
366
446
970
41
869
78
468
734
38
755
931
62
935
701
909
871
20
581
224
300
353
284
955
784
1000
605
184
539
744
530
65
709
140
991
683
230
451
185
743
157
46
899
796
193
821
802
383
112
827
99
33
144
297
402
102
320
465
745
639
921
84
631
221
90
439
769
973
522
431
165
309
334
718
709
340
801
872
619
93
388
666
762
475
769
463
162
534
96
38
774
294
831
83
969
797
519
988
959
110
263
487
649
975
357
748
347
484
554
922
627
667
221
835
542
362
6
591
16
232
879
336
965
922
582
444
861
38
207
375
238
911
7
752
66
969
871
151
108
953
799
629
259
466
274
516
270
681
419
617
270
764
261
774
943
510
287
501
969
471
962
73
725
315
581
874
136
788
633
326
442
457
225
825
406
389
80
760
289
39
305
481
720
260
512
700
102
297
114
300
597
274
2
713
633
203
389
105
829
350
874
846
96
172
949
184
294
204
73
170
654
564
43
415
221
92
580
296
81
620
713
583
93
738
707
796
355
681
565
893
827
536
309
750
113
200
79
867
438
469
737
561
454
329
155
123
360
438
480
261
741
926
385
301
231
32
121
49
322
642
770
647
427
648
501
834
903
221
57
927
842
827
215
898
357
836
328
130
297
937
884
958
735
949
630
598
836
256
1000
851
209
172
171
516
273
507
66
495
966
3
681
225
7
650
470
858
115
971
943
690
944
651
750
74
368
29
318
92
259
153
556
639
605
850
580
79
855
487
503
720
811
794
821
409
488
678
659
165
163
990
220
307
256
769
870
673
50
937
607
773
650
995
629
778
160
13
844
208
366
502
97
580
973
184
865
401
216
935
59
276
274
516
47
638
935
499
730
260
634
568
343
443
984
952
609
211
140
488
96
207
737
746
473
236
474
624
56
100
775
538
968
38
387
436
309
319
340
574
50
413
253
34
229
359
123
681
884
25
990
114
807
127
136
182
290
322
268
441
781
510
60
54
700
181
981
94
329
228
389
924
870
850
907
562
880
165